function [mc]=fetch_color_codes();


mc.light_green      = [173 222 190]./255; 
mc.medium_green     = [ 84 209 128]./255; 
mc.dark_green       = [  0 135  47]./255;


mc.light_purple     = [241 186 255]./255;
mc.medium_purple    = [220  79 255]./255;
mc.dark_purple      = [100   0 150]./255;

mc.light_blue       = [181 191 235]./255;
mc.medium_blue      = [ 99 121 219]./255;
mc.dark_blue        = [  7  31 138]./255;

mc.light_red        = [255 166 166]./255;
mc.dark_red         = [184  42  42]./255;
                    
mc.orange           = [255 174   0]./255;
mc.dark_orange      = [214 111   0]./255;

mc.light_bluegreen  = [183 232 230]./255;
mc.medium_bluegreen = [111 227 221]./255;
mc.dark_bluegreen   = [  0 161 153]./255;
